111100001
111101000
000101001
000110000
001111000
001010110
101010110
110100010
101010110
110000010
000111010
001010010
001011001
010010011
100000011
100100010
001010000
001011000
001100101
101000100
111000000
010100100
101000100
110000111
001100101
011000100
001010001
001011011
101000011
111000011
000100000
011000011
100001000
101100001
110110100
001011100
011100011
001000011
011011000
011000011
001011011
011011100
100011000
011000100
100111000
100110111
010010110
010010101
100000100
000000010
111010001
101100001
111000011
001011011
001100010
011011100
100011011
000001110
010011000
100111011
010010110
100000100
100110100
010001101
000000010
111010001
001010001
100001000
001011010
101000011
110110110
011000011
001100011
011100011
000011100
100011011
011011000
100111011
001011011
011011000
100110111
010010110
010010101
000001010
001011011
001000000
101011100
110010001
001000001
001011011
001100010
011011100
100011011
100111011
011100000
000001100
100111001
010010110
000001010
001000000
111010001
001000111
001001111
000010111
001011110
011000011
101010011
111000000
001000110
001001000
111010000
001010110
101010111
110100000
111011000
111011001
001010111
101010001
110010101
001010001
010000010
001010001
010001010
111110011
111111010
