111100001
111101011
001010010
101010000
110100001
001010010
101000010
110000010
001111010
001110011
010110111
101000110
110000100
001101100
010110101
101000110
110000110
101000110
110100111
001101011
011110101
000000110
001001000
111010000
101000001
110001000
001000100
001011001
100000011
001001101
010001011
010001011
010001011
111010000
101001010
110000011
000000001
001001100
010001001
001010110
010001010
001010001
010001010
111010000
001011110
010000011
001001000
111010000
101001110
111000101
001100100
010110100
001100110
010110100
000000110
001001010
001011001
100100111
001011110
010001011
111010000
001111001
010110111
000000110
001001101
111010000
000000110
001001000
111010000
001100100
010100100
001011110
010100011
001011001
010100011
010100011
010100011
000001100
111010000
001010100
001011001
011010011
100001011
000000010
001001110
111010000
111110101
111111100
