111100001
111101000
000100000
000101001
111100011
111101010
000110000
000111100
001010001
100011010
100011110
001010011
100111010
100111110
001010101
100000010
100010010
001010010
100100010
100110010
001010100
100100110
100110110
001010110
010000010
010100010
010000001
010100101
000010110
000011111
101010011
111000000
111101010
000101001
011010011
100110010
010000100
001011111
101000011
110100001
101000011
110000001
001011001
011110011
100000011
111010001
111101000
000101001
011011010
100100011
010000100
001011111
101000011
110100001
101000011
110000001
000110111
001011001
011110011
100000011
111010001
001011100
100010111
100110111
001011001
010110011
001011001
100000011
001011010
100011011
000001000
001011101
100100111
010110001
001011010
100000011
010000101
000001000
000000110
111110101
111111100
