111100001
111101000
001010110
001111000
101000010
111000101
001111110
111011000
111011001
001010001
001011111
101001011
110010110
010000010
010001010
101100000
110010111
001010000
001011000
101100100
110000100
111010000
001010011
001011001
000100000
101110000
110001000
100110011
010010011
111010001
001010000
001011001
000100001
101110000
110001000
100110011
010010011
111010010
001110101
010110010
001011100
101010011
110111001
000100000
000101001
000001010
001011011
011001011
001011001
011001011
001000011
011000001
000011100
100001100
001001010
001010011
011010001
000001010
100101110
001010000
010010011
011001000
001000011
011000001
100010000
001011000
010011100
100110101
010011101
111010011
101010011
110001010
000101001
001011011
001100001
010011100
011011010
100010111
001010011
001100010
011010100
100110110
001010000
010010101
001100010
010011100
100000111
001011000
010011001
111010011
000100000
000101001
001000011
001001001
011000001
001001011
001010010
011001010
001010000
100010000
100110001
010010100
000100101
100110000
010010100
001011001
100010111
001011000
010011101
111010011
010010111
001000010
100011000
010010110
000000010
000001011
111110011
111111010
